-167.785	-77.171
-167.785	-77.171
-167.785	-77.171
-167.785	-77.171
-167.785	-77.171
-167.785	-77.171
-167.785	-77.171
-167.785	-77.171
-167.785	-77.171
-167.785	-77.171
-167.785	-77.171
-167.785	-77.171
-167.785	-77.171
-167.785	-77.171
-167.785	-77.171
-167.785	-77.171
-167.785	-77.171
-167.785	-77.171
-167.785	-77.171
-167.785	-77.171
-167.785	-77.171
-160.042	-78.017
-160.042	-78.017
-160.042	-78.017
-160.042	-78.017
-160.042	-78.017
-160.042	-78.017
-160.042	-78.017
-160.042	-78.017
-160.042	-78.017
-160.042	-78.017
-160.042	-78.017
-160.042	-78.017
-160.042	-78.017
-160.042	-78.017
-160.042	-78.017
-160.042	-78.017
-160.042	-78.017
-160.042	-78.017
-160.042	-78.017
-160.042	-78.017
-160.042	-78.017
-160.042	-78.017
-160.042	-78.017
-160.042	-78.017
-159.302	-77.635
-159.302	-77.635
-159.302	-77.635
-159.302	-77.635
-159.302	-77.635
-159.302	-77.635
-158.735	-77.354
-158.735	-77.354
-158.735	-77.354
-158.735	-77.354
-158.735	-77.354
-158.735	-77.354
-158.735	-77.354
-158.735	-77.354
-158.735	-77.354
-158.735	-77.354
-158.735	-77.354
-158.735	-77.354
-158.735	-77.354
-158.735	-77.354
-158.735	-77.354
-158.735	-77.354
-158.735	-77.354
-158.735	-77.354
-158.735	-77.354
-158.735	-77.354
-158.735	-77.354
-158.735	-77.354
-158.735	-77.354
-158.735	-77.354
-157.814	-76.889
-157.814	-76.889
-157.814	-76.889
-157.814	-76.889
-157.814	-76.889
-157.814	-76.889
-157.814	-76.889
-157.814	-76.889
-157.814	-76.889
-157.814	-76.889
-157.814	-76.889
-157.814	-76.889
-157.814	-76.889
-157.814	-76.889
-157.814	-76.889
-157.814	-76.889
-157.814	-76.889
-157.814	-76.889
-157.814	-76.889
-157.814	-76.889
-157.814	-76.889
-157.814	-76.889
-157.814	-76.889
-157.814	-76.889
-157.065	-76.46
-157.065	-76.46
-157.065	-76.46
-157.065	-76.46
-157.065	-76.46
-157.065	-76.46
-157.065	-76.46
-157.065	-76.46
-157.065	-76.46
-157.065	-76.46
-157.065	-76.46
-157.065	-76.46
-157.029	-76.429
-157.029	-76.429
-157.029	-76.429
-157.029	-76.429
-157.029	-76.429
-157.029	-76.429
-157.029	-76.429
-157.029	-76.429
-157.029	-76.429
-157.029	-76.429
-157.029	-76.429
-157.029	-76.429
-157.029	-76.429
-157.029	-76.429
-157.029	-76.429
-157.029	-76.429
-157.029	-76.429
-157.029	-76.429
-157.029	-76.429
-157.029	-76.429
-157.029	-76.429
-157.029	-76.429
-157.029	-76.429
-157.029	-76.429
-157.037	-76.405
-157.037	-76.405
-157.037	-76.405
-157.037	-76.405
-157.037	-76.405
-157.037	-76.405
-156.259	-76.007
-156.259	-76.007
-156.259	-76.007
-156.259	-76.007
-156.259	-76.007
-156.259	-76.007
-156.259	-76.007
-156.259	-76.007
-156.259	-76.007
-156.259	-76.007
-156.259	-76.007
-156.259	-76.007
-156.259	-76.007
-156.259	-76.007
-156.259	-76.007
-156.259	-76.007
-156.259	-76.007
-156.259	-76.007
-156.259	-76.007
-156.259	-76.007
-156.259	-76.007
-156.259	-76.007
-156.259	-76.007
-153.502	-76.812
-153.502	-76.812
-153.502	-76.812
-153.502	-76.812
-153.502	-76.812
-153.502	-76.812
-149.986	-76.222
-149.986	-76.222
-149.986	-76.222
-149.986	-76.222
-149.986	-76.222
-149.986	-76.222
-149.986	-76.222
-149.986	-76.222
-149.986	-76.222
-149.986	-76.222
-149.986	-76.222
-149.986	-76.222
-150.033	-75.662
-150.033	-75.662
-150.033	-75.662
-150.033	-75.662
-150.033	-75.662
-150.033	-75.662
-150.033	-75.662
-150.033	-75.662
-150.033	-75.662
-150.033	-75.662
-150.033	-75.662
-150.033	-75.662
-150.033	-75.662
-150.033	-75.662
-150.033	-75.662
-150.033	-75.662
-150.033	-75.662
-150.033	-75.662
-150.033	-75.662
-150.033	-75.662
-150.033	-75.662
-150.033	-75.662
-150.033	-75.662
-150.033	-75.662
-149.953	-75.69
-149.953	-75.69
-149.953	-75.69
-149.953	-75.69
-149.953	-75.69
-149.942	-75.516
-149.942	-75.516
-149.942	-75.516
-149.942	-75.516
-149.942	-75.516
-149.942	-75.516
-149.942	-75.516
-149.942	-75.516
-149.942	-75.516
-149.942	-75.516
-149.942	-75.516
-149.942	-75.516
-150.059	-75.009
-150.059	-75.009
-150.059	-75.009
-150.059	-75.009
-150.059	-75.009
-150.059	-75.009
-150.059	-75.009
-150.059	-75.009
-150.059	-75.009
-150.059	-75.009
-150.059	-75.009
-150.03 	-73.991
-150.03 	-73.991
-150.03 	-73.991
-150.03 	-73.991
-150.03 	-73.991
-150.03 	-73.991
-150.03 	-73.991
-150.03 	-73.991
-150.03 	-73.991
-150.03 	-73.991
-150.03 	-73.991
-150.03 	-73.991
-150.03 	-73.991
-150.03 	-73.991
-150.03 	-73.991
-150.03 	-73.991
-150.03 	-73.991
-150.03 	-73.991
-150.03 	-73.991
-150.03 	-73.991
-150.03 	-73.991
-150.03 	-73.991
-150.03 	-73.991
-139.989	-73.472
-139.989	-73.472
-139.989	-73.472
-139.989	-73.472
-139.989	-73.472
-139.989	-73.472
-139.989	-73.472
-139.989	-73.472
-139.989	-73.472
-139.989	-73.472
-139.989	-73.472
-139.989	-73.472
-139.989	-73.472
-139.989	-73.472
-139.989	-73.472
-139.989	-73.472
-139.989	-73.472
-139.989	-73.472
-139.989	-73.472
-139.989	-73.472
-139.989	-73.472
-140.067	-73.84
-140.067	-73.84
-140.067	-73.84
-140.067	-73.84
-140.067	-73.84
-140.067	-73.84
-140.067	-73.84
-140.067	-73.84
-140.067	-73.84
-140.067	-73.84
-140.067	-73.84
-140.067	-73.84
-140.067	-73.84
-140.067	-73.84
-140.067	-73.84
-140.067	-73.84
-140.067	-73.84
-140.067	-73.84
-140.067	-73.84
-140.067	-73.84
-140.067	-73.84
-140.067	-73.84
-140.067	-73.84
-140.067	-73.84
-139.333	-74.117
-139.333	-74.117
-139.333	-74.117
-139.333	-74.117
-139.333	-74.117
-139.333	-74.117
-139.333	-74.117
-139.333	-74.117
-139.333	-74.117
-139.333	-74.117
-139.333	-74.117
-139.333	-74.117
-139.333	-74.117
-139.333	-74.117
-139.333	-74.117
-139.333	-74.117
-139.369	-74.138
-139.369	-74.138
-139.369	-74.138
-139.369	-74.138
-139.369	-74.138
-139.369	-74.138
-139.369	-74.138
-139.369	-74.138
-139.369	-74.138
-139.369	-74.138
-139.369	-74.138
-139.369	-74.138
-139.369	-74.138
-139.369	-74.138
-139.369	-74.138
-139.369	-74.138
-139.369	-74.138
-139.369	-74.138
-139.369	-74.138
-139.369	-74.138
-139.369	-74.138
-139.369	-74.138
-139.369	-74.138
-139.369	-74.138
-139.362	-74.166
-139.362	-74.166
-139.362	-74.166
-139.362	-74.166
-139.362	-74.166
-139.362	-74.166
-139.362	-74.166
-139.362	-74.166
-139.362	-74.166
-138.535	-74.525
-138.535	-74.525
-138.535	-74.525
-138.535	-74.525
-138.535	-74.525
-138.535	-74.525
-138.535	-74.525
-138.535	-74.525
-138.535	-74.525
-138.535	-74.525
-138.535	-74.525
-138.535	-74.525
-138.535	-74.525
-138.535	-74.525
-138.535	-74.525
-138.535	-74.525
-138.412	-74.781
-138.412	-74.781
-138.412	-74.781
-138.412	-74.781
-137.182	-74.48
-137.182	-74.48
-137.182	-74.48
-137.182	-74.48
-137.182	-74.48
-133.864	-74.477
-133.864	-74.477
-133.864	-74.477
-133.864	-74.477
-133.864	-74.477
-133.864	-74.477
-133.864	-74.477
-133.864	-74.477
-133.864	-74.477
-133.864	-74.477
-133.864	-74.477
-133.864	-74.477
-132.014	-74.348
-130.012	-74.248
-130.012	-74.248
-130.012	-74.248
-130.012	-74.248
-130.012	-74.248
-130.012	-74.248
-130.012	-74.248
-130.012	-74.248
-130.012	-74.248
-130.012	-74.248
-130.012	-74.248
-130.012	-74.248
-130.012	-74.248
-130.012	-74.248
-130.012	-74.248
-129.048	-74.215
-129.048	-74.215
-129.048	-74.215
-129.048	-74.215
-129.048	-74.215
-129.048	-74.215
-127.996	-74.067
-127.996	-74.067
-127.996	-74.067
-127.996	-74.067
-127.996	-74.067
-127.996	-74.067
-127.996	-74.067
-127.996	-74.067
-127.996	-74.067
-127.996	-74.067
-127.996	-74.067
-127.996	-74.067
-127.996	-74.067
-127.996	-74.067
-127.996	-74.067
-127.996	-74.067
-127.996	-74.067
-127.996	-74.067
-127.996	-74.067
-127.996	-74.067
-127.996	-74.067
-127.996	-74.067
-127.996	-74.067
-127.996	-74.067
-127.731	-73.123
-127.731	-73.123
-127.731	-73.123
-127.731	-73.123
-127.731	-73.123
-127.669	-72.895
-127.669	-72.895
-127.669	-72.895
-127.669	-72.895
-127.647	-72.959
-127.647	-72.959
-127.647	-72.959
-127.647	-72.959
-127.647	-72.959
-127.647	-72.959
-127.647	-72.959
-127.647	-72.959
-127.647	-72.959
-127.647	-72.959
-127.647	-72.959
-127.647	-72.959
-127.64 	-72.943
-127.64 	-72.943
-127.64 	-72.943
-127.64 	-72.943
-127.64 	-72.943
-127.64 	-72.943
-127.64 	-72.943
-127.64 	-72.943
-127.64 	-72.943
-127.64 	-72.943
-127.64 	-72.943
-127.64 	-72.943
-127.435	-72.624
-127.435	-72.624
-127.435	-72.624
-127.435	-72.624
-127.435	-72.624
-127.435	-72.624
-127.435	-72.624
-127.435	-72.624
-127.435	-72.624
-127.435	-72.624
-127.435	-72.624
-127.435	-72.624
-127.435	-72.624
-127.435	-72.624
-127.435	-72.624
-127.435	-72.624
-127.435	-72.624
-127.435	-72.624
-127.435	-72.624
-127.435	-72.624
-127.435	-72.624
-127.435	-72.624
-127.435	-72.624
-127.435	-72.624
-127.555	-72.158
-127.555	-72.158
-127.555	-72.158
-127.555	-72.158
-127.555	-72.158
-127.555	-72.158
-127.555	-72.158
-127.555	-72.158
-127.555	-72.158
-127.555	-72.158
-127.555	-72.158
-127.555	-72.158
-127.555	-72.158
-127.2  	-71.25
-127.2  	-71.25
-127.2  	-71.25
-127.2  	-71.25
-127.2  	-71.25
-127.2  	-71.25
-127.2  	-71.25
-127.2  	-71.25
-127.2  	-71.25
-127.2  	-71.25
-127.2  	-71.25
-127.2  	-71.25
-127.2  	-71.25
-127.2  	-71.25
-127.2  	-71.25
-127.2  	-71.25
-127.2  	-71.25
-127.2  	-71.25
-127.2  	-71.25
-127.2  	-71.25
-127.2  	-71.25
-127.2  	-71.25
-127.2  	-71.25
-127.2  	-71.25
-126.989	-70.451
-126.989	-70.451
-126.989	-70.451
-126.989	-70.451
-126.989	-70.451
-126.989	-70.451
-126.989	-70.451
-126.946	-69.709
-126.946	-69.709
-126.946	-69.709
-126.946	-69.709
-126.946	-69.709
-126.946	-69.709
-126.946	-69.709
-126.946	-69.709
-126.946	-69.709
-126.946	-69.709
-126.946	-69.709
-126.946	-69.709
-126.946	-69.709
-126.946	-69.709
-126.946	-69.709
-126.946	-69.709
-126.946	-69.709
-126.946	-69.709
-126.946	-69.709
-126.946	-69.709
-126.946	-69.709
-126.946	-69.709
-126.946	-69.709
-126.625	-68.898
-126.625	-68.898
-126.625	-68.898
-126.625	-68.898
-126.625	-68.898
-126.625	-68.898
-126.625	-68.898
-126.625	-68.898
-126.625	-68.898
-126.625	-68.898
-126.625	-68.898
-126.625	-68.898
-126.625	-68.898
-126.625	-68.898
-126.625	-68.898
-126.625	-68.898
-126.625	-68.898
-126.625	-68.898
-126.625	-68.898
-126.625	-68.898
-126.625	-68.898
-126.625	-68.898
-126.625	-68.898
-126.625	-68.898
-126.448	-68.151
-126.448	-68.151
-126.448	-68.151
-126.448	-68.151
-126.448	-68.151
-126.448	-68.151
-126.448	-68.151
-126.448	-68.151
-126.448	-68.151
-126.448	-68.151
-126.448	-68.151
-126.448	-68.151
-126.448	-68.151
-126.448	-68.151
-126.28 	-67.565
-126.28 	-67.565
-126.28 	-67.565
-126.28 	-67.565
-126.28 	-67.565
-126.28 	-67.565
-126.28 	-67.565
-126.28 	-67.565
-126.28 	-67.565
-126.28 	-67.565
-126.28 	-67.565
-126.28 	-67.565
-126.28 	-67.565
-126.28 	-67.565
-126.28 	-67.565
-126.28 	-67.565
-126.28 	-67.565
-126.28 	-67.565
-126.28 	-67.565
-126.28 	-67.565
-126.28 	-67.565
-126.28 	-67.565
-126.28 	-67.565
-126.28 	-67.565
-123.943	-72.553
-123.943	-72.553
-123.943	-72.553
-123.943	-72.553
-123.943	-72.553
-123.943	-72.553
-123.943	-72.553
-123.943	-72.553
-123.943	-72.553
-123.943	-72.553
-123.943	-72.553
-123.943	-72.553
-123.943	-72.553
-123.943	-72.553
-123.943	-72.553
-123.943	-72.553
-123.943	-72.553
-123.943	-72.553
-123.943	-72.553
-123.943	-72.553
-123.943	-72.553
-123.943	-72.553
-123.943	-72.553
-123.943	-72.553
-123.691	-72.667
-123.691	-72.667
-123.691	-72.667
-123.691	-72.667
-123.691	-72.667
-123.691	-72.667
-123.691	-72.667
-123.691	-72.667
-123.691	-72.667
-123.691	-72.667
-123.691	-72.667
-123.691	-72.667
-123.691	-72.667
-123.691	-72.667
-118.672	-73.928
-118.672	-73.928
-118.672	-73.928
-118.672	-73.928
-118.672	-73.928
-118.672	-73.928
-118.672	-73.928
-118.672	-73.928
-118.672	-73.928
-118.672	-73.928
-118.672	-73.928
-118.672	-73.928
-118.672	-73.928
-118.672	-73.928
-118.672	-73.928
-118.672	-73.928
-118.672	-73.928
-118.672	-73.928
-118.672	-73.928
-118.672	-73.928
-118.672	-73.928
-118.672	-73.928
-118.672	-73.928
-118.672	-73.928
-117.895	-74.013
-117.895	-74.013
-117.895	-74.013
-117.895	-74.013
-117.895	-74.013
-117.895	-74.013
-117.895	-74.013
-117.895	-74.013
-117.895	-74.013
-117.895	-74.013
-117.895	-74.013
-117.895	-74.013
-116.645	-73.85
-115.793	-73.992
-115.793	-73.992
-115.793	-73.992
-115.793	-73.992
-115.793	-73.992
-115.793	-73.992
-115.793	-73.992
-115.793	-73.992
-115.793	-73.992
-115.793	-73.992
-115.793	-73.992
-115.793	-73.992
-115.793	-73.992
-115.793	-73.992
-115.793	-73.992
-115.793	-73.992
-115.793	-73.992
-115.793	-73.992
-115.793	-73.992
-115.793	-73.992
-115.793	-73.992
-115.793	-73.992
-115.793	-73.992
-115.001	-73.583
-115.001	-73.583
-115.001	-73.583
-115.001	-73.583
-115.001	-73.583
-115.001	-73.583
-115.001	-73.583
-113.896	-73.025
-113.896	-73.025
-113.896	-73.025
-113.896	-73.025
-113.896	-73.025
-113.896	-73.025
-113.896	-73.025
-113.896	-73.025
-113.896	-73.025
-113.896	-73.025
-113.896	-73.025
-113.896	-73.025
-113.896	-73.025
-113.896	-73.025
-113.896	-73.025
-113.896	-73.025
-113.896	-73.025
-113.896	-73.025
-113.896	-73.025
-113.896	-73.025
-113.896	-73.025
-113.896	-73.025
-113.896	-73.025
-113.896	-73.025
-113.201	-72.627
-113.201	-72.627
-113.201	-72.627
-113.201	-72.627
-113.201	-72.627
-112.75 	-72.293
-112.75 	-72.293
-112.75 	-72.293
-112.75 	-72.293
-112.75 	-72.293
-112.75 	-72.293
-112.75 	-72.293
-112.75 	-72.293
-112.75 	-72.293
-112.75 	-72.293
-112.75 	-72.293
-112.75 	-72.293
-112.75 	-72.293
-112.75 	-72.293
-112.75 	-72.293
-112.75 	-72.293
-112.75 	-72.293
-112.75 	-72.293
-112.75 	-72.293
-112.75 	-72.293
-112.75 	-72.293
-112.75 	-72.293
-112.75 	-72.293
-112.75 	-72.293
-111.834	-73
-111.834	-73
-111.834	-73
-111.834	-73
-111.834	-73
-111.834	-73
-111.834	-73
-110.857	-73.357
-110.857	-73.357
-110.857	-73.357
-110.857	-73.357
-110.857	-73.357
-110.857	-73.357
-110.857	-73.357
-110.857	-73.357
-110.857	-73.357
-110.857	-73.357
-110.857	-73.357
-110.857	-73.357
-110.857	-73.357
-110.857	-73.357
-109.573	-73.991
-109.573	-73.991
-109.573	-73.991
-109.573	-73.991
-109.573	-73.991
-109.573	-73.991
-109.573	-73.991
-109.573	-73.991
-109.573	-73.991
-109.573	-73.991
-109.573	-73.991
-109.573	-73.991
-109.573	-73.991
-109.573	-73.991
-109.573	-73.991
-109.573	-73.991
-109.573	-73.991
-109.573	-73.991
-109.573	-73.991
-109.573	-73.991
-109.573	-73.991
-109.573	-73.991
-109.573	-73.991
-109.573	-73.991
-109.111	-73.964
-109.111	-73.964
-109.111	-73.964
-109.111	-73.964
-109.111	-73.964
-109.111	-73.964
-109.111	-73.964
-109.111	-73.964
-109.111	-73.964
-109.111	-73.964
-109.111	-73.964
-109.111	-73.964
-109.111	-73.964
-109.111	-73.964
-109.111	-73.964
-109.111	-73.964
-109.111	-73.964
-109.111	-73.964
-109.111	-73.964
-109.111	-73.964
-109.111	-73.964
-109.111	-73.964
-109.111	-73.964
-109.111	-73.964
-112.245	-73.748
-112.245	-73.748
-112.245	-73.748
-112.245	-73.748
-112.245	-73.748
-112.245	-73.748
-112.245	-73.748
-112.245	-73.748
-112.245	-73.748
-112.245	-73.748
-116.751	-73.449
-116.751	-73.449
-116.751	-73.449
-116.751	-73.449
-116.751	-73.449
-116.751	-73.449
-116.751	-73.449
-116.751	-73.449
-116.751	-73.449
-116.751	-73.449
-116.751	-73.449
-116.751	-73.449
-116.751	-73.449
-116.751	-73.449
-116.751	-73.449
-116.751	-73.449
-116.751	-73.449
-116.751	-73.449
-118.583	-73.332
-118.583	-73.332
-118.583	-73.332
-118.583	-73.332
-118.583	-73.332
-118.635	-72.664
-118.635	-72.664
-118.635	-72.664
-118.635	-72.664
-118.635	-72.664
-118.635	-72.664
-118.635	-72.664
-118.635	-72.664
-118.635	-72.664
-118.635	-72.664
-118.499	-71.968
-118.499	-71.968
-118.499	-71.968
-118.499	-71.968
-118.499	-71.968
-118.499	-71.968
-118.499	-71.968
-118.499	-71.968
-118.499	-71.968
-118.499	-71.968
-118.499	-71.968
-118.499	-71.968
-118.499	-71.968
-118.499	-71.968
-118.499	-71.968
-118.499	-71.968
-118.499	-71.968
-118.499	-71.968
-118.499	-71.968
-118.499	-71.968
-118.499	-71.968
-118.499	-71.968
-118.499	-71.968
-118.499	-71.968
-118.519	-71.892
-118.519	-71.892
-118.519	-71.892
-118.519	-71.892
-118.519	-71.892
-118.519	-71.892
-118.519	-71.892
-118.519	-71.892
-118.519	-71.892
-118.519	-71.892
-118.519	-71.892
-118.519	-71.892
-118.519	-71.892
-118.519	-71.892
-118.45 	-71.701
-118.45 	-71.701
-118.45 	-71.701
-118.45 	-71.701
-118.597	-71.468
-118.597	-71.468
-118.597	-71.468
-118.597	-71.468
-118.597	-71.468
-118.597	-71.468
-118.597	-71.468
-118.597	-71.468
-118.597	-71.468
-118.597	-71.468
-118.597	-71.468
-118.597	-71.468
-118.597	-71.468
-118.597	-71.468
-118.597	-71.468
-118.597	-71.468
-118.597	-71.468
-118.597	-71.468
-118.597	-71.468
-118.597	-71.468
-118.597	-71.468
-118.597	-71.468
-118.597	-71.468
-118.597	-71.468
-113.29 	-71.658
-113.29 	-71.658
-113.29 	-71.658
-113.29 	-71.658
-113.29 	-71.658
-113.29 	-71.658
-113.29 	-71.658
-113.29 	-71.658
-113.29 	-71.658
-113.29 	-71.658
-113.29 	-71.658
-113.29 	-71.658
-113.29 	-71.658
-113.29 	-71.658
-113.29 	-71.658
-113.29 	-71.658
-113.29 	-71.658
-113.29 	-71.658
-113.29 	-71.658
-113.29 	-71.658
-112.5  	-71.052
-112.5  	-71.052
-112.5  	-71.052
-112.5  	-71.052
-112.5  	-71.052
-112.5  	-71.052
-112.5  	-71.052
-112.5  	-71.052
-112.5  	-71.052
-112.5  	-71.052
-111.591	-70.365
-111.591	-70.365
-111.591	-70.365
-111.591	-70.365
-111.591	-70.365
-111.591	-70.365
-111.591	-70.365
-111.591	-70.365
-111.591	-70.365
-111.591	-70.365
-111.591	-70.365
-111.591	-70.365
-111.591	-70.365
-111.591	-70.365
-111.591	-70.365
-111.591	-70.365
-111.591	-70.365
-111.591	-70.365
-111.591	-70.365
-110.788	-69.696
-110.788	-69.696
-110.788	-69.696
-110.788	-69.696
-110.788	-69.696
-110.788	-69.696
-110.788	-69.696
-110.788	-69.696
-110.788	-69.696
-110.788	-69.696
-110.788	-69.696
-110.118	-69.002
-110.118	-69.002
-110.118	-69.002
-110.118	-69.002
-110.118	-69.002
-110.118	-69.002
-110.118	-69.002
-110.118	-69.002
-110.118	-69.002
-110.118	-69.002
-110.118	-69.002
-110.118	-69.002
-110.118	-69.002
-110.118	-69.002
-110.118	-69.002
-110.118	-69.002
-110.118	-69.002
-110.118	-69.002
-110.118	-69.002
-110.118	-69.002
-110.118	-69.002
-110.118	-69.002
-110.118	-69.002
-110.118	-69.002
-110.107	-68.322
-110.107	-68.322
-110.107	-68.322
-110.107	-68.322
-110.107	-68.322
-110.107	-68.322
-110.107	-68.322
-110.107	-68.322
-110.107	-68.322
-110.107	-68.322
-110.107	-68.322
-110.107	-68.322
-110.014	-67.984
-110.014	-67.984
-110.014	-67.984
-110.014	-67.984
-110.014	-67.984
-110.014	-67.984
-110.014	-67.984
-110.014	-67.984
-110.014	-67.984
-110.014	-67.984
-110.014	-67.984
-110.014	-67.984
-110.014	-67.984
-110.014	-67.984
-110.014	-67.984
-110.014	-67.984
-110.014	-67.984
-110.014	-67.984
-110.014	-67.984
-110.014	-67.984
-110.014	-67.984
-110.014	-67.984
-110.014	-67.984
-110.014	-67.984
-109.488	-67.507
-109.488	-67.507
-109.488	-67.507
-109.488	-67.507
-109.488	-67.507
-109.488	-67.507
-108.543	-66.999
-108.543	-66.999
-108.543	-66.999
-108.543	-66.999
-108.543	-66.999
-108.543	-66.999
-108.543	-66.999
-108.543	-66.999
-108.543	-66.999
-108.543	-66.999
-108.543	-66.999
-108.543	-66.999
-108.543	-66.999
-108.543	-66.999
-108.543	-66.999
-108.543	-66.999
-108.543	-66.999
-108.543	-66.999
-108.543	-66.999
-108.543	-66.999
-108.543	-66.999
-108.543	-66.999
-108.543	-66.999
-108.543	-66.999
-103.464	-66.998
-103.464	-66.998
-103.464	-66.998
-103.464	-66.998
-103.464	-66.998
-103.464	-66.998
-103.464	-66.998
-103.464	-66.998
-103.464	-66.998
-103.464	-66.998
-103.464	-66.998
-103.464	-66.998
-103.464	-66.998
-103.464	-66.998
-103.464	-66.998
-103.464	-66.998
-103.464	-66.998
-103.464	-66.998
-103.464	-66.998
-103.464	-66.998
-103.464	-66.998
-103.464	-66.998
-103.464	-66.998
-103.464	-66.998
-103.23 	-67.496
-103.23 	-67.496
-103.23 	-67.496
-103.23 	-67.496
-103.23 	-67.496
-103.23 	-67.496
-103.23 	-67.496
-103.23 	-67.496
-103.23 	-67.496
-103.23 	-67.496
-103.23 	-67.496
-103.23 	-67.496
-103.23 	-67.496
-103.23 	-67.496
-103.23 	-67.496
-103.23 	-67.496
-103.23 	-67.496
-103.23 	-67.496
-103.23 	-67.496
-103.23 	-67.496
-103.23 	-67.496
-103.23 	-67.496
-103.23 	-67.496
-103.23 	-67.496
-102.99 	-68.001
-102.99 	-68.001
-102.99 	-68.001
-102.99 	-68.001
-102.99 	-68.001
-102.99 	-68.001
-102.99 	-68.001
-102.99 	-68.001
-102.99 	-68.001
-102.99 	-68.001
-102.99 	-68.001
-102.99 	-68.001
-102.99 	-68.001
-102.99 	-68.001
-102.99 	-68.001
-102.99 	-68.001
-102.99 	-68.001
-102.99 	-68.001
-102.99 	-68.001
-102.99 	-68.001
-102.99 	-68.001
-102.99 	-68.001
-102.99 	-68.001
-102.99 	-68.001
-102.747	-68.5
-102.747	-68.5
-102.747	-68.5
-102.747	-68.5
-102.747	-68.5
-102.747	-68.5
-102.747	-68.5
-102.747	-68.5
-102.747	-68.5
-102.747	-68.5
-102.747	-68.5
-102.747	-68.5
-102.747	-68.5
-102.747	-68.5
-102.747	-68.5
-102.747	-68.5
-102.747	-68.5
-102.747	-68.5
-102.747	-68.5
-102.747	-68.5
-102.747	-68.5
-102.747	-68.5
-102.747	-68.5
-102.747	-68.5
-102.496	-69.001
-102.496	-69.001
-102.496	-69.001
-102.496	-69.001
-102.496	-69.001
-102.496	-69.001
-102.496	-69.001
-102.496	-69.001
-102.496	-69.001
-102.496	-69.001
-102.496	-69.001
-102.496	-69.001
-102.496	-69.001
-102.496	-69.001
-102.496	-69.001
-102.496	-69.001
-102.496	-69.001
-102.496	-69.001
-102.496	-69.001
-102.496	-69.001
-102.496	-69.001
-102.496	-69.001
-102.496	-69.001
-102.496	-69.001
-102.249	-69.501
-102.249	-69.501
-102.249	-69.501
-102.249	-69.501
-102.249	-69.501
-102.249	-69.501
-102.249	-69.501
-102.249	-69.501
-102.249	-69.501
-102.249	-69.501
-102.249	-69.501
-102.249	-69.501
-102.249	-69.501
-102.249	-69.501
-102.249	-69.501
-102.249	-69.501
-102.249	-69.501
-102.249	-69.501
-102.249	-69.501
-102.249	-69.501
-102.249	-69.501
-102.249	-69.501
-102.249	-69.501
-102.249	-69.501
-102.06 	-69.982
-102.06 	-69.982
-102.06 	-69.982
-102.06 	-69.982
-102.06 	-69.982
-102.06 	-69.982
-102.06 	-69.982
-102.06 	-69.982
-102.06 	-69.982
-102.06 	-69.982
-102.06 	-69.982
-102.06 	-69.982
-102.06 	-69.982
-102.06 	-69.982
-102.06 	-69.982
-102.06 	-69.982
-102.06 	-69.982
-102.06 	-69.982
-102.06 	-69.982
-102.06 	-69.982
-102.06 	-69.982
-102.06 	-69.982
-102.06 	-69.982
-102.06 	-69.982
-101.736	-70.452
-101.736	-70.452
-101.736	-70.452
-101.736	-70.452
-101.736	-70.452
-101.736	-70.452
-101.736	-70.452
-101.736	-70.452
-101.736	-70.452
-101.736	-70.452
-101.736	-70.452
-101.736	-70.452
-101.736	-70.452
-101.736	-70.452
-101.736	-70.452
-101.736	-70.452
-101.736	-70.452
-101.736	-70.452
-101.736	-70.452
-101.736	-70.452
-101.736	-70.452
-101.736	-70.452
-101.736	-70.452
-101.736	-70.452
-101.481	-70.884
-101.481	-70.884
-101.481	-70.884
-101.481	-70.884
-101.481	-70.884
-101.481	-70.884
-101.481	-70.884
-101.481	-70.884
-101.481	-70.884
-101.481	-70.884
-101.481	-70.884
-101.481	-70.884
-101.481	-70.884
-101.481	-70.884
-101.481	-70.884
-101.481	-70.884
-101.481	-70.884
-101.481	-70.884
-101.481	-70.884
-101.481	-70.884
-101.481	-70.884
-101.481	-70.884
-101.481	-70.884
-101.481	-70.884
-101.518	-71.075
-101.518	-71.075
-101.518	-71.075
-101.518	-71.075
-101.518	-71.075
-101.489	-71.09
-101.489	-71.09
-101.489	-71.09
-101.489	-71.09
-101.489	-71.09
-101.489	-71.09
-101.489	-71.09
-101.489	-71.09
-101.489	-71.09
-101.489	-71.09
-101.489	-71.09
-101.489	-71.09
-101.489	-71.09
-101.489	-71.09
-101.489	-71.09
-101.489	-71.09
-101.489	-71.09
-101.489	-71.09
-101.489	-71.09
-101.489	-71.09
-101.475	-71.115
-101.475	-71.115
-101.475	-71.115
-101.475	-71.115
-101.475	-71.115
-101.475	-71.115
-101.556	-71.207
-101.556	-71.207
-101.556	-71.207
-101.556	-71.207
-101.556	-71.207
-101.556	-71.207
-101.556	-71.207
-101.556	-71.207
-101.556	-71.207
-101.556	-71.207
-101.556	-71.207
-101.556	-71.207
-101.556	-71.207
-101.77 	-71.548
-101.77 	-71.548
-101.77 	-71.548
-101.77 	-71.548
-101.77 	-71.548
-101.77 	-71.548
-101.77 	-71.548
-101.77 	-71.548
-101.77 	-71.548
-101.77 	-71.548
-103.187	-72.103
-103.187	-72.103
-103.187	-72.103
-103.187	-72.103
-103.187	-72.103
-103.187	-72.103
-103.156	-72.566
-103.156	-72.566
-103.156	-72.566
-103.156	-72.566
-103.156	-72.566
-103.156	-72.566
-103.156	-72.566
-103.156	-72.566
-103.156	-72.566
-103.156	-72.566
-103.156	-72.566
-103.156	-72.566
-103.156	-72.566
-103.156	-72.566
-103.156	-72.566
-103.156	-72.566
-103.156	-72.566
-103.156	-72.566
-103.156	-72.566
-103.156	-72.566
-103.156	-72.566
-103.156	-72.566
-103.156	-72.566
-103.156	-72.566
-101.848	-75.061
-101.848	-75.061
-101.848	-75.061
-101.848	-75.061
-101.848	-75.061
-101.848	-75.061
-101.848	-75.061
-101.848	-75.061
-101.848	-75.061
-101.848	-75.061
-101.848	-75.061
-101.848	-75.061
-101.848	-75.061
-101.848	-75.061
-101.848	-75.061
-101.848	-75.061
-101.848	-75.061
-101.848	-75.061
-101.848	-75.061
-101.848	-75.061
-101.848	-75.061
-101.848	-75.061
-101.848	-75.061
-101.848	-75.061
-101.477	-74.904
-101.477	-74.904
-101.477	-74.904
-101.477	-74.904
-101.477	-74.904
-101.477	-74.904
-101.477	-74.904
-101.477	-74.904
-101.477	-74.904
-101.477	-74.904
-101.477	-74.904
-101.477	-74.904
-101.477	-74.904
-101.477	-74.904
-101.477	-74.904
-101.477	-74.904
-101.477	-74.904
-101.477	-74.904
-101.477	-74.904
-101.477	-74.904
-101.477	-74.904
-101.477	-74.904
-101.477	-74.904
-101.477	-74.904
-101.365	-74.74
-101.365	-74.74
-101.365	-74.74
-101.365	-74.74
-101.365	-74.74
-101.365	-74.74
-103.181	-74.544
-103.181	-74.544
-103.181	-74.544
-103.181	-74.544
-103.181	-74.544
-103.181	-74.544
-103.181	-74.544
-103.181	-74.544
-103.181	-74.544
-103.181	-74.544
-103.181	-74.544
-103.181	-74.544
-103.181	-74.544
-103.181	-74.544
-103.181	-74.544
-103.181	-74.544
-103.181	-74.544
-103.181	-74.544
-103.181	-74.544
-103.181	-74.544
-103.181	-74.544
-103.181	-74.544
-103.181	-74.544
-103.181	-74.544
-103.124	-73.385
-103.124	-73.385
-103.124	-73.385
-103.124	-73.385
-103.124	-73.385
-103.124	-73.385
-103.124	-73.385
-103.124	-73.385
-103.124	-73.385
-103.124	-73.385
-103.124	-73.385
-103.124	-73.385
-103.124	-73.385
-103.124	-73.385
-103.124	-73.385
-103.124	-73.385
-103.124	-73.385
-103.124	-73.385
-103.124	-73.385
-103.124	-73.385
-103.124	-73.385
-103.124	-73.385
-103.124	-73.385
-103.124	-73.385
-99.65  	-70.218
-99.65  	-70.218
-99.65  	-70.218
-99.65  	-70.218
-99.65  	-70.218
-99.65  	-70.218
-99.65  	-70.218
-99.65  	-70.218
-99.65  	-70.218
-99.65  	-70.218
-98.013 	  -70.244
-98.013 	  -70.244
-98.013 	  -70.244
-98.013 	  -70.244
-98.013 	  -70.244
-98.013 	  -70.244
-96.349 	  -69.758
-96.349 	  -69.758
-96.349 	  -69.758
-96.349 	  -69.758
-96.349 	  -69.758
-96.349 	  -69.758
-96.349 	  -69.758
-96.349 	  -69.758
-96.349 	  -69.758
-96.349 	  -69.758
-96.349 	  -69.758
-96.349 	  -69.758
-96.349 	  -69.758
-96.349 	  -69.758
-96.349 	  -69.758
-96.349 	  -69.758
-96.349 	  -69.758
-96.349 	  -69.758
-96.349 	  -69.758
-96.349 	  -69.758
-96.349 	  -69.758
-96.349 	  -69.758
-96.349 	  -69.758
-96.349 	  -69.758
-95.537 	  -70.181
-95.537 	  -70.181
-95.537 	  -70.181
-95.537 	  -70.181
-95.537 	  -70.181
-95.537 	  -70.181
-95.537 	  -70.181
-95.537 	  -70.181
-95.537 	  -70.181
-95.537 	  -70.181
-95.537 	  -70.181
-95.537 	  -70.181
-95.537 	  -70.181
-95.329 	  -70.257
-95.329 	  -70.257
-95.329 	  -70.257
-95.329 	  -70.257
-95.329 	  -70.257
-95.329 	  -70.257
-95.329 	  -70.257
-95.329 	  -70.257
-95.329 	  -70.257
-95.329 	  -70.257
-95.329 	  -70.257
-95.329 	  -70.257
-95.329 	  -70.257
-95.329 	  -70.257
-95.054 	  -70.454
-95.054 	  -70.454
-95.054 	  -70.454
-95.054 	  -70.454
-95.054 	  -70.454
-95.054 	  -70.454
-95.054 	  -70.454
-95.054 	  -70.454
-94.947 	  -70.602
-94.947 	  -70.602
-94.947 	  -70.602
-94.947 	  -70.602
-94.947 	  -70.602
-94.947 	  -70.602
-94.947 	  -70.602
-94.947 	  -70.602
-94.947 	  -70.602
-94.947 	  -70.602
-94.947 	  -70.602
-94.947 	  -70.602
-94.947 	  -70.602
-94.947 	  -70.602
-94.002 	  -71.009
-94.002 	  -71.009
-94.002 	  -71.009
-94.002 	  -71.009
-94.002 	  -71.009
-93.621 	  -70.59
-93.621 	  -70.59
-93.621 	  -70.59
-93.621 	  -70.59
-93.621 	  -70.59
-93.621 	  -70.59
-93.621 	  -70.59
-93.621 	  -70.59
-93.621 	  -70.59
-93.621 	  -70.59
-93.448 	  -70.526
-93.448 	  -70.526
-93.448 	  -70.526
-93.448 	  -70.526
-93.448 	  -70.526
-93.448 	  -70.526
-93.448 	  -70.526
-93.448 	  -70.526
-93.448 	  -70.526
-93.448 	  -70.526
-93.315 	  -70.401
-93.315 	  -70.401
-93.315 	  -70.401
-93.315 	  -70.401
-93.315 	  -70.401
-93.315 	  -70.401
-93.315 	  -70.401
-93.315 	  -70.401
-93.315 	  -70.401
-93.315 	  -70.401
-93.315 	  -70.401
-93.315 	  -70.401
-93.315 	  -70.401
-93.315 	  -70.401
-93.315 	  -70.401
-93.315 	  -70.401
-92.841 	  -69.763
-92.841 	  -69.763
-92.841 	  -69.763
-92.841 	  -69.763
-92.841 	  -69.763
-92.841 	  -69.763
-92.841 	  -69.763
-92.841 	  -69.763
-92.841 	  -69.763
-92.841 	  -69.763
-92.841 	  -69.763
-92.841 	  -69.763
-92.335 	  -69.166
-92.335 	  -69.166
-92.335 	  -69.166
-92.335 	  -69.166
-92.335 	  -69.166
-92.335 	  -69.166
-92.335 	  -69.166
-92.335 	  -69.166
-92.335 	  -69.166
-92.335 	  -69.166
-92.335 	  -69.166
-92.335 	  -69.166
-92.335 	  -69.166
-92.335 	  -69.166
-92.335 	  -69.166
-92.335 	  -69.166
-92.335 	  -69.166
-92.335 	  -69.166
-92.335 	  -69.166
-92.335 	  -69.166
-92.335 	  -69.166
-92.335 	  -69.166
-92.335 	  -69.166
-92.335 	  -69.166
-90.516 	  -68.984
-90.516 	  -68.984
-90.516 	  -68.984
-90.516 	  -68.984
-90.516 	  -68.984
-90.516 	  -68.984
-90.516 	  -68.984
-90.516 	  -68.984
-89.716 	  -68.823
-89.716 	  -68.823
-89.716 	  -68.823
-89.716 	  -68.823
-89.716 	  -68.823
-89.716 	  -68.823
-89.716 	  -68.823
-89.716 	  -68.823
-89.716 	  -68.823
-89.716 	  -68.823
-88.978 	  -68.953
-88.978 	  -68.953
-88.978 	  -68.953
-88.978 	  -68.953
-88.04  	-68.866
-88.04  	-68.866
-88.04  	-68.866
-88.04  	-68.866
-88.04  	-68.866
-88.04  	-68.866
-88.04  	-68.866
-88.04  	-68.866
-88.04  	-68.866
-88.04  	-68.866
-88.04  	-68.866
-88.04  	-68.866
-88.04  	-68.866
-88.04  	-68.866
-88.04  	-68.866
-88.04  	-68.866
-88.04  	-68.866
-88.04  	-68.866
-88.04  	-68.866
-88.04  	-68.866
-88.04  	-68.866
-88.04  	-68.866
-88.04  	-68.866
-88.04  	-68.866
-87.853 	  -69.484
-87.853 	  -69.484
-87.853 	  -69.484
-87.853 	  -69.484
-87.853 	  -69.484
-87.853 	  -69.484
-87.853 	  -69.484
-87.853 	  -69.484
-87.853 	  -69.484
-87.853 	  -69.484
-87.853 	  -69.484
-87.853 	  -69.484
-87.853 	  -69.484
-87.853 	  -69.484
-87.853 	  -69.484
-87.853 	  -69.484
-87.853 	  -69.484
-87.853 	  -69.484
-87.853 	  -69.484
-87.853 	  -69.484
-87.853 	  -69.484
-87.853 	  -69.484
-87.853 	  -69.484
-87.853 	  -69.484
-87.724 	  -69.939
-87.724 	  -69.939
-87.724 	  -69.939
-87.724 	  -69.939
-87.724 	  -69.939
-87.724 	  -69.939
-87.724 	  -69.939
-87.724 	  -69.939
-87.724 	  -69.939
-87.724 	  -69.939
-87.724 	  -69.939
-87.724 	  -69.939
-87.724 	  -69.939
-87.724 	  -69.939
-87.724 	  -69.939
-87.724 	  -69.939
-87.724 	  -69.939
-87.581 	  -70.268
-87.581 	  -70.268
-87.581 	  -70.268
-87.581 	  -70.268
-87.581 	  -70.268
-87.581 	  -70.268
-87.581 	  -70.268
-87.581 	  -70.268
-87.581 	  -70.268
-87.581 	  -70.268
-87.581 	  -70.268
-87.067 	  -70.517
-87.067 	  -70.517
-87.067 	  -70.517
-87.067 	  -70.517
-87.067 	  -70.517
-87.067 	  -70.517
-87.067 	  -70.517
-87.067 	  -70.517
-87.067 	  -70.517
-87.067 	  -70.517
-87.067 	  -70.517
-87.067 	  -70.517
-85.992 	  -70.001
-85.992 	  -70.001
-85.992 	  -70.001
-85.992 	  -70.001
-85.992 	  -70.001
-85.319 	  -71.517
-85.319 	  -71.517
-85.319 	  -71.517
-85.319 	  -71.517
-85.319 	  -71.517
-85.319 	  -71.517
-85.319 	  -71.517
-85.319 	  -71.517
-85.319 	  -71.517
-85.319 	  -71.517
-85.319 	  -71.517
-85.319 	  -71.517
-85.737 	  -72.189
-85.737 	  -72.189
-85.737 	  -72.189
-85.737 	  -72.189
-85.737 	  -72.189
-85.737 	  -72.189
-85.737 	  -72.189
-85.737 	  -72.189
-85.737 	  -72.189
-85.737 	  -72.189
-85.737 	  -72.189
-85.737 	  -72.189
-85.737 	  -72.189
-85.737 	  -72.189
-85.737 	  -72.189
-85.737 	  -72.189
-85.737 	  -72.189
-85.737 	  -72.189
-85.737 	  -72.189
-85.737 	  -72.189
-85.737 	  -72.189
-85.737 	  -72.189
-85.737 	  -72.189
-85.737 	  -72.189
-82.982 	  -72.504
-82.982 	  -72.504
-82.982 	  -72.504
-82.982 	  -72.504
-82.982 	  -72.504
-82.982 	  -72.504
-82.982 	  -72.504
-82.982 	  -72.504
-82.982 	  -72.504
-82.982 	  -72.504
-82.982 	  -72.504
-82.982 	  -72.504
-82.982 	  -72.504
-82.982 	  -72.504
-82.982 	  -72.504
-82.982 	  -72.504
-82.982 	  -72.504
-82.982 	  -72.504
-82.982 	  -72.504
-82.982 	  -72.504
-82.982 	  -72.504
-82.982 	  -72.504
-82.982 	  -72.504
-82.982 	  -72.504
-81.017 	  -72.497
-81.017 	  -72.497
-81.017 	  -72.497
-81.017 	  -72.497
-81.017 	  -72.497
-81.017 	  -72.497
-81.017 	  -72.497
-81.017 	  -72.497
-81.017 	  -72.497
-81.017 	  -72.497
-81.017 	  -72.497
-81.017 	  -72.497
-81.017 	  -72.497
-81.017 	  -72.497
-81.017 	  -72.497
-81.017 	  -72.497
-81.017 	  -72.497
-81.017 	  -72.497
-81.017 	  -72.497
-81.017 	  -72.497
-81.017 	  -72.497
-81.017 	  -72.497
-81.017 	  -72.497
-81.017 	  -72.497
-79.046 	  -72.168
-79.046 	  -72.168
-79.046 	  -72.168
-79.046 	  -72.168
-79.046 	  -72.168
-79.046 	  -72.168
-79.046 	  -72.168
-79.046 	  -72.168
-79.046 	  -72.168
-76.741 	  -72.169
-76.741 	  -72.169
-76.741 	  -72.169
-76.741 	  -72.169
-76.741 	  -72.169
-76.741 	  -72.169
-76.741 	  -72.169
-76.741 	  -72.169
-76.741 	  -72.169
-76.741 	  -72.169
-76.741 	  -72.169
-76.741 	  -72.169
-76.741 	  -72.169
-76.741 	  -72.169
-76.741 	  -72.169
-76.741 	  -72.169
-76.741 	  -72.169
-76.741 	  -72.169
-76.741 	  -72.169
-76.741 	  -72.169
-76.741 	  -72.169
-76.741 	  -72.169
-76.741 	  -72.169
-76.741 	  -72.169
-75.234 	  -71.968
-75.234 	  -71.968
-75.234 	  -71.968
-75.234 	  -71.968
-75.234 	  -71.968
-75.234 	  -71.968
-75.234 	  -71.968
-75.234 	  -71.968
-75.234 	  -71.968
-75.234 	  -71.968
-75.234 	  -71.968
-75.234 	  -71.968
-75.234 	  -71.968
-75.234 	  -71.968
-75.234 	  -71.968
-75.234 	  -71.968
-75.234 	  -71.968
-73.482 	  -72.231
-73.482 	  -72.231
-73.482 	  -72.231
-73.482 	  -72.231
-73.482 	  -72.231
-73.482 	  -72.231
-73.482 	  -72.231
-72.381 	  -72.683
-72.381 	  -72.683
-72.381 	  -72.683
-72.381 	  -72.683
-72.381 	  -72.683
-72.381 	  -72.683
-72.381 	  -72.683
-72.381 	  -72.683
-72.381 	  -72.683
-72.381 	  -72.683
-72.381 	  -72.683
-72.381 	  -72.683
-72.481 	  -72.849
-72.481 	  -72.849
-72.481 	  -72.849
-72.481 	  -72.849
-72.481 	  -72.849
-72.481 	  -72.849
-72.481 	  -72.849
-72.481 	  -72.849
-72.398 	  -73.05
-72.398 	  -73.05
-72.398 	  -73.05
-72.398 	  -73.05
-72.398 	  -73.05
-72.398 	  -73.05
-72.398 	  -73.05
-72.398 	  -73.05
-72.398 	  -73.05
-72.398 	  -73.05
-72.398 	  -73.05
-72.398 	  -73.05
-72.398 	  -73.05
-72.398 	  -73.05
-72.398 	  -73.05
-72.398 	  -73.05
-72.398 	  -73.05
-72.398 	  -73.05
-72.398 	  -73.05
-72.398 	  -73.05
-72.398 	  -73.05
-72.398 	  -73.05
-73.376 	  -73.104
-73.376 	  -73.104
-73.376 	  -73.104
-73.376 	  -73.104
-73.376 	  -73.104
-73.376 	  -73.104
-73.376 	  -73.104
-73.376 	  -73.104
-73.376 	  -73.104
-73.376 	  -73.104
-73.376 	  -73.104
-73.376 	  -73.104
-74     	-72.989
-74     	-72.989
-74     	-72.989
-74     	-72.989
-74     	-72.989
-74     	-72.989
-74     	-72.989
-74     	-72.989
-74     	-72.989
-74     	-72.989
-74     	-72.989
-74     	-72.989
-74     	-72.989
-74     	-72.989
-76.985 	  -71.25
-76.985 	  -71.25
-76.985 	  -71.25
-76.985 	  -71.25
-76.985 	  -71.25
-76.985 	  -71.25
-76.985 	  -71.25
-76.985 	  -71.25
-76.985 	  -71.25
-76.985 	  -71.25
-76.985 	  -71.25
-76.985 	  -71.25
-76.985 	  -71.25
-76.985 	  -71.25
-76.985 	  -71.25
-76.985 	  -71.25
-77.668 	  -70.633
-77.668 	  -70.633
-77.668 	  -70.633
-77.668 	  -70.633
-77.668 	  -70.633
-77.668 	  -70.633
-77.668 	  -70.633
-77.668 	  -70.633
-77.668 	  -70.633
-77.668 	  -70.633
-77.668 	  -70.633
-77.668 	  -70.633
-77.668 	  -70.633
-77.668 	  -70.633
-77.668 	  -70.633
-77.668 	  -70.633
-77.668 	  -70.633
-77.668 	  -70.633
-77.668 	  -70.633
-77.668 	  -70.633
-77.668 	  -70.633
-77.668 	  -70.633
-77.668 	  -70.633
-77.668 	  -70.633
-78.333 	  -70.001
-78.333 	  -70.001
-78.333 	  -70.001
-78.333 	  -70.001
-78.333 	  -70.001
-78.333 	  -70.001
-78.333 	  -70.001
-78.333 	  -70.001
-78.333 	  -70.001
-78.333 	  -70.001
-78.333 	  -70.001
-78.333 	  -70.001
-78.333 	  -70.001
-78.333 	  -70.001
-78.333 	  -70.001
-78.333 	  -70.001
-78.333 	  -70.001
-78.333 	  -70.001
-78.333 	  -70.001
-78.333 	  -70.001
-78.333 	  -70.001
-78.333 	  -70.001
-78.333 	  -70.001
-78.333 	  -70.001
-79.001 	  -69.666
-79.001 	  -69.666
-79.001 	  -69.666
-79.001 	  -69.666
-79.001 	  -69.666
-79.001 	  -69.666
-79.001 	  -69.666
-79.448 	  -69.288
-79.448 	  -69.288
-79.448 	  -69.288
-79.448 	  -69.288
-79.448 	  -69.288
-79.448 	  -69.288
-79.448 	  -69.288
-79.448 	  -69.288
-79.448 	  -69.288
-79.448 	  -69.288
-79.448 	  -69.288
-79.448 	  -69.288
-79.448 	  -69.288
-79.448 	  -69.288
-79.448 	  -69.288
-79.448 	  -69.288
-79.448 	  -69.288
-79.448 	  -69.288
-79.448 	  -69.288
-79.22    	 -69.097
-79.22    	 -69.097
-79.22    	 -69.097
-79.22    	 -69.097
-79.22    	 -69.097
-79.034 	  -68.953
-79.034 	  -68.953
-79.034 	  -68.953
-79.034 	  -68.953
-79.034 	  -68.953
-79.034 	  -68.953
-79.034 	  -68.953
-79.034 	  -68.953
-79.034 	  -68.953
-79.034 	  -68.953
-79.034 	  -68.953
-79.034 	  -68.953
-79.034 	  -68.953
-79.034 	  -68.953
-79.034 	  -68.953
-79.034 	  -68.953
-78.496 	  -68.499
-78.496 	  -68.499
-78.496 	  -68.499
-78.496 	  -68.499
-78.496 	  -68.499
-78.001 	  -67.999
-78.001 	  -67.999
-78.001 	  -67.999
-78.001 	  -67.999
-78.001 	  -67.999
-78.001 	  -67.999
-78.001 	  -67.999
-78.001 	  -67.999
-78.001 	  -67.999
-78.001 	  -67.999
-78.001 	  -67.999
-78.001 	  -67.999
-78.001 	  -67.999
-78.001 	  -67.999
-78.001 	  -67.999
-78.001 	  -67.999
-78.001 	  -67.999
-78.001 	  -67.999
-78.001 	  -67.999
-78.001 	  -67.999
-78.001 	  -67.999
-78.001 	  -67.999
-78.001 	  -67.999
-78.001 	  -67.999
-77.494 	  -67.504
-77.494 	  -67.504
-77.494 	  -67.504
-77.494 	  -67.504
-77.494 	  -67.504
-77.494 	  -67.504
-77.494 	  -67.504
-77.028 	  -67
-77.028 	  -67
-77.028 	  -67
-77.028 	  -67
-77.028 	  -67
-77.028 	  -67
-77.028 	  -67
-77.028 	  -67
-77.028 	  -67
-77.028 	  -67
-77.028 	  -67
-77.028 	  -67
-77.028 	  -67
-77.028 	  -67
-77.028 	  -67
-77.028 	  -67
-77.028 	  -67
-77.028 	  -67
-77.028 	  -67
-77.028 	  -67
-77.028 	  -67
-77.028 	  -67
-77.028 	  -67
-77.028 	  -67
-76.291 	  -67.713
-76.291 	  -67.713
-76.291 	  -67.713
-76.291 	  -67.713
-76.291 	  -67.713
-75.413 	  -68.137
-75.413 	  -68.137
-75.413 	  -68.137
-75.413 	  -68.137
-75.413 	  -68.137
-75.413 	  -68.137
-75.413 	  -68.137
-75.413 	  -68.137
-75.413 	  -68.137
-75.413 	  -68.137
-75.413 	  -68.137
-75.413 	  -68.137
-75.413 	  -68.137
-75.413 	  -68.137
-75.413 	  -68.137
-75.413 	  -68.137
-75.413 	  -68.137
-75.413 	  -68.137
-75.413 	  -68.137
-75.272 	  -68.204
-75.272 	  -68.204
-75.272 	  -68.204
-75.272 	  -68.204
-75.272 	  -68.204
-75.272 	  -68.204
-75.272 	  -68.204
-75.19  	-68.245
-75.19  	-68.245
-75.19  	-68.245
-75.19  	-68.245
-74.505 	  -68.554
-74.505 	  -68.554
-74.505 	  -68.554
-74.505 	  -68.554
-74.505 	  -68.554
-74.505 	  -68.554
-74.505 	  -68.554
-74.505 	  -68.554
-74.505 	  -68.554
-74.505 	  -68.554
-74.505 	  -68.554
-74.505 	  -68.554
-74.505 	  -68.554
-71.439 	  -68.271
-71.439 	  -68.271
-71.439 	  -68.271
-71.439 	  -68.271
-71.439 	  -68.271
-71.439 	  -68.271
-71.439 	  -68.271
-70.038 	  -68.541
-70.038 	  -68.541
-70.038 	  -68.541
-70.038 	  -68.541
-70.038 	  -68.541
-70.038 	  -68.541
-69.257 	  -69.717
-69.257 	  -69.717
-69.257 	  -69.717
-69.257 	  -69.717
-69.257 	  -69.717
-69.257 	  -69.717
-69.257 	  -69.717
-69.257 	  -69.717
-69.257 	  -69.717
-69.257 	  -69.717
-69.257 	  -69.717
-69.257 	  -69.717
-69.257 	  -69.717
-69.185 	  -69.715
-69.185 	  -69.715
-69.185 	  -69.715
-69.185 	  -69.715
-69.185 	  -69.715
-69.185 	  -69.715
-69.185 	  -69.715
-69.185 	  -69.715
-69.185 	  -69.715
-69.185 	  -69.715
-68.973 	  -69.634
-68.973 	  -69.634
-68.973 	  -69.634
-68.973 	  -69.634
-68.973 	  -69.634
-68.973 	  -69.634
-68.973 	  -69.634
-68.973 	  -69.634
-68.973 	  -69.634
-68.973 	  -69.634
-68.807 	  -69.57
-68.807 	  -69.57
-68.807 	  -69.57
-68.807 	  -69.57
-68.807 	  -69.57
-68.807 	  -69.57
-68.807 	  -69.57
-68.807 	  -69.57
-68.807 	  -69.57
-68.807 	  -69.57
-68.883 	  -69.623
-68.883 	  -69.623
-68.883 	  -69.623
-68.883 	  -69.623
-68.883 	  -69.623
-68.883 	  -69.623
-69.055 	  -69.665
-69.055 	  -69.665
-69.055 	  -69.665
-69.055 	  -69.665
-69.055 	  -69.665
-69.055 	  -69.665
-69.672 	  -68.883
-69.672 	  -68.883
-69.672 	  -68.883
-69.672 	  -68.883
-69.672 	  -68.883
-69.672 	  -68.883
-69.672 	  -68.883
-69.672 	  -68.883
-69.672 	  -68.883
-69.672 	  -68.883
-69.672 	  -68.883
-69.672 	  -68.883
-69.672 	  -68.883
-69.672 	  -68.883
-69.672 	  -68.883
-69.672 	  -68.883
-69.672 	  -68.883
-69.672 	  -68.883
-69.672 	  -68.883
-69.672 	  -68.883
-69.672 	  -68.883
-69.672 	  -68.883
-69.672 	  -68.883
-69.672 	  -68.883
-69.83  	-68.701
-69.83  	-68.701
-69.83  	-68.701
-69.83  	-68.701
-69.83  	-68.701
-69.83  	-68.701
-69.83  	-68.701
-69.83  	-68.701
-69.83  	-68.701
-69.83  	-68.701
-69.83  	-68.701
-69.83  	-68.701
-69.83  	-68.701
-69.83  	-68.701
